name: gm-engine
channels:
  - conda-forge
  - defaults
dependencies:
  - _libavif_api=1.1.1=h57928b3_1
  - annotated-types=0.7.0=pyhd8ed1ab_0
  - aom=3.9.1=he0c23c2_0
  - bzip2=1.0.8=h2466b09_7
  - ca-certificates=2024.7.4=h56e8100_0
  - cairo=1.18.0=h32b962e_3
  - dav1d=1.2.1=hcfcfb64_0
  - expat=2.6.2=h63175ca_0
  - font-ttf-dejavu-sans-mono=2.37=hab24e00_0
  - font-ttf-inconsolata=3.000=h77eed37_0
  - font-ttf-source-code-pro=2.038=h77eed37_0
  - font-ttf-ubuntu=0.83=h77eed37_2
  - fontconfig=2.14.2=hbde0cde_0
  - fonts-conda-ecosystem=1=0
  - fonts-conda-forge=1=0
  - freetype=2.12.1=hdaf720e_2
  - graphite2=1.3.13=h63175ca_1003
  - harfbuzz=9.0.0=h2bedf89_1
  - icu=75.1=he0c23c2_0
  - lerc=4.0.0=h63175ca_0
  - libavif16=1.1.1=h4e96d62_1
  - libdeflate=1.21=h2466b09_0
  - libexpat=2.6.2=h63175ca_0
  - libffi=3.4.2=h8ffe710_5
  - libflac=1.4.3=h63175ca_0
  - libglib=2.80.3=h7025463_2
  - libiconv=1.17=hcfcfb64_2
  - libintl=0.22.5=h5728263_3
  - libjpeg-turbo=3.0.0=hcfcfb64_1
  - libmad=0.15.1b=hcfcfb64_1001
  - libogg=1.3.5=h2466b09_0
  - libpng=1.6.43=h19919ed_0
  - libsqlite=3.46.0=h2466b09_0
  - libtiff=4.6.0=hb151862_4
  - libvorbis=1.3.7=h0e60522_0
  - libwebp-base=1.4.0=hcfcfb64_0
  - libzlib=1.3.1=h2466b09_1
  - mpg123=1.32.6=h63175ca_0
  - openssl=3.3.1=h2466b09_3
  - pcre2=10.44=h3d7b363_2
  - pip=24.2=pyhd8ed1ab_0
  - pixman=0.43.4=h63175ca_0
  - portmidi=2.0.4=h63175ca_2
  - pydantic=2.8.2=pyhd8ed1ab_0
  - pydantic-core=2.20.1=py312h2615798_0
  - pygame=2.6.0=py312hea106ac_0
  - python=3.12.5=h889d299_0_cpython
  - python_abi=3.12=5_cp312
  - rav1e=0.6.6=h975169c_2
  - sdl2=2.30.5=he0c23c2_0
  - sdl2_image=2.8.2=h5ca362a_1
  - sdl2_mixer=2.6.3=he8f0768_1
  - sdl2_ttf=2.22.0=h797112a_2
  - setuptools=72.2.0=pyhd8ed1ab_0
  - svt-av1=2.2.1=he0c23c2_0
  - tk=8.6.13=h5226925_1
  - typing-extensions=4.12.2=hd8ed1ab_0
  - typing_extensions=4.12.2=pyha770c72_0
  - tzdata=2024a=h8827d51_1
  - ucrt=10.0.22621.0=h57928b3_0
  - vc=14.3=h8a93ad2_20
  - vc14_runtime=14.40.33810=hcc2c482_20
  - vs2015_runtime=14.40.33810=h3bf8584_20
  - wheel=0.44.0=pyhd8ed1ab_0
  - xz=5.2.6=h8d14728_0
  - zlib=1.3.1=h2466b09_1
  - zstd=1.5.6=h0ea2cb4_0
  - pip:
      - pytmx==3.32
prefix: C:\Users\fire\miniconda3\envs\gm-engine
